  0.000050   0.05  0.0008  0.0010  0.0013    0.979    1.521    0.000   18.160    3.785   -0.000   -1.014   23.437  0.124631751E+09
  0.000050   0.10  0.0015  0.0019  0.0025    1.090    1.328    0.000   27.434    2.120   -0.000   -1.178   30.800  0.539963923E+08
  0.000050   0.15  0.0023  0.0027  0.0038    1.156    1.293    0.000   37.332    1.392   -0.000   -1.354   39.825  0.317414623E+08
  0.000050   0.20  0.0030  0.0036  0.0051    1.204    1.294    0.000   47.930    0.996   -0.000   -1.535   49.897  0.211798753E+08
  0.000050   0.25  0.0038  0.0045  0.0063    1.242    1.335    0.000   60.421    0.771   -0.000   -1.720   62.056  0.149367614E+08
  0.000050   0.30  0.0045  0.0054  0.0076    1.273    1.422    0.000   76.169    0.652   -0.000   -1.880   77.644  0.108601461E+08
  0.000050   0.35  0.0053  0.0062  0.0088    1.300    1.585    0.000   98.140    0.609   -0.000   -2.108   99.535  0.800616715E+07
  0.000050   0.40  0.0060  0.0072  0.0101    1.324    1.861    0.000  131.085    0.620   -0.000   -2.312  132.586  0.596862885E+07
  0.000050   0.45  0.0068  0.0080  0.0113    1.346    2.385    0.000  189.303    0.698   -0.000   -2.525  191.215  0.438164607E+07
  0.000050   0.50  0.0075  0.0089  0.0126    1.365    3.364    0.000  298.965    0.831   -0.000   -2.748  301.788  0.317333928E+07
  0.000050   0.55  0.0083  0.0098  0.0138    1.383    5.457    0.000  537.493    1.065   -0.000   -2.982  542.425  0.219194609E+07
  0.000050   0.60  0.0090  0.0107  0.0150    1.400   10.397    0.000 1114.236    1.413   -0.000   -3.231 1124.225  0.142082825E+07
  0.000050   0.65  0.0098  0.0116  0.0163    1.415   25.795    0.000 2921.545    2.076   -0.000   -3.497 2947.344  0.781093844E+06
  0.000050   0.70  0.0105  0.0124  0.0175    1.430  118.089    0.000 9999.900    4.168   -0.000   -3.789 9999.998  0.257326074E+06
  0.000050   0.75  0.0113  0.0134  0.0187    1.444 -288.424   -0.000 9999.900   -2.351   -0.000   -4.117 9999.998 -0.176472603E+06
  0.000050   0.80  0.0120  0.0142  0.0200    1.457 -178.878   -0.000 9999.900    1.033   -0.000   -4.500 9999.998 -0.536817439E+06
  0.000050   0.85  0.0128  0.0151  0.0212    1.469 -253.451   -0.000 9999.900    2.302   -0.000   -4.981 9999.998 -0.834733781E+06
  0.000050   0.90  0.0135  0.0160  0.0224    1.481 -549.279   -0.000 9999.900    3.643   -0.000   -5.654 9999.998 -0.108900040E+07
  0.000050   0.95  0.0143  0.0169  0.0236    1.492 9999.998   -0.000 9999.900    5.489   -0.000   -6.846 9999.998 -0.129850710E+07
  0.000070   0.05  0.0011  0.0014  0.0018    1.032    1.249    0.000   15.889    3.457   -0.000   -0.937   20.695  0.903744502E+08
  0.000070   0.10  0.0021  0.0026  0.0035    1.144    1.027    0.000   22.725    1.932   -0.000   -1.078   25.758  0.395496243E+08
  0.000070   0.15  0.0032  0.0038  0.0053    1.212    0.958    0.000   29.772    1.298   -0.000   -1.231   32.016  0.236921104E+08
  0.000070   0.20  0.0042  0.0051  0.0070    1.261    0.942    0.000   37.695    0.981   -0.000   -1.390   39.497  0.159782189E+08
  0.000070   0.25  0.0053  0.0063  0.0088    1.300    0.948    0.000   46.393    0.820   -0.000   -1.553   47.916  0.115231980E+08
  0.000070   0.30  0.0063  0.0075  0.0105    1.333    0.975    0.000   56.324    0.750   -0.000   -1.722   57.669  0.865551731E+07
  0.000070   0.35  0.0074  0.0087  0.0123    1.361    1.032    0.000   68.492    0.744   -0.000   -1.896   69.743  0.664971848E+07
  0.000070   0.40  0.0084  0.0099  0.0140    1.387    1.140    0.000   84.867    0.794   -0.000   -2.077   86.119  0.515263808E+07
  0.000070   0.45  0.0095  0.0112  0.0157    1.409    1.311    0.000  107.584    0.879   -0.000   -2.266  108.927  0.404575835E+07
  0.000070   0.50  0.0105  0.0124  0.0174    1.430    1.604    0.000  143.045    1.003   -0.000   -2.463  144.629  0.316786485E+07
  0.000070   0.55  0.0116  0.0136  0.0191    1.449    2.106    0.000  201.896    1.153   -0.000   -2.671  203.944  0.248444950E+07
  0.000070   0.60  0.0126  0.0148  0.0208    1.467    3.055    0.000  311.431    1.349   -0.000   -2.891  314.422  0.191735096E+07
  0.000070   0.65  0.0137  0.0161  0.0225    1.483    4.907    0.000  523.026    1.526   -0.000   -3.126  527.827  0.147324113E+07
  0.000070   0.70  0.0147  0.0173  0.0242    1.499    9.060    0.000  984.406    1.710   -0.000   -3.384  993.303  0.109918924E+07
  0.000070   0.75  0.0158  0.0184  0.0259    1.514   19.678    0.000 2105.226    1.775   -0.000   -3.672 2124.533  0.786992141E+06
  0.000070   0.80  0.0168  0.0197  0.0275    1.528   51.821    0.000 5239.348    1.405   -0.000   -4.008 5290.105  0.533793685E+06
  0.000070   0.85  0.0179  0.0209  0.0292    1.541  183.545    0.000 9999.900   -0.442   -0.000   -4.428 9999.998  0.319785826E+06
  0.000070   0.90  0.0189  0.0221  0.0309    1.554 1149.382    0.000 9999.900  -10.318   -0.000   -5.014 9999.998  0.140727951E+06
  0.000070   0.95  0.0200  0.0233  0.0325    1.566 9999.998   -0.000 9999.900  466.402   -0.000   -6.047 9999.998 -0.767235313E+04
  0.000100   0.05  0.0015  0.0020  0.0025    1.090    1.032    0.000   14.225    3.118   -0.000   -0.858   18.612  0.635869709E+08
  0.000100   0.10  0.0030  0.0037  0.0050    1.204    0.797    0.000   19.081    1.753   -0.000   -0.976   21.866  0.281561292E+08
  0.000100   0.15  0.0045  0.0055  0.0075    1.273    0.718    0.000   24.167    1.231   -0.000   -1.107   26.290  0.170095020E+08
  0.000100   0.20  0.0060  0.0072  0.0100    1.324    0.683    0.000   29.614    1.000   -0.000   -1.245   31.385  0.116714247E+08
  0.000100   0.25  0.0075  0.0089  0.0124    1.365    0.673    0.000   35.688    0.913   -0.000   -1.387   37.262  0.854561367E+07
  0.000100   0.30  0.0090  0.0107  0.0149    1.400    0.681    0.000   42.549    0.910   -0.000   -1.319   44.231  0.651680479E+07
  0.000100   0.35  0.0105  0.0123  0.0173    1.430    0.711    0.000   50.700    0.967   -0.000   -1.439   52.378  0.508871743E+07
  0.000100   0.40  0.0120  0.0141  0.0197    1.457    0.760    0.000   60.319    1.055   -0.000   -1.845   61.757  0.406133716E+07
  0.000100   0.45  0.0135  0.0158  0.0221    1.481    0.842    0.000   72.515    1.178   -0.000   -2.011   74.016  0.328258429E+07
  0.000100   0.50  0.0150  0.0175  0.0245    1.503    0.973    0.000   89.076    1.328   -0.000   -2.184   90.708  0.267070134E+07
  0.000100   0.55  0.0165  0.0192  0.0269    1.524    1.178    0.000  112.599    1.496   -0.000   -2.367  114.441  0.219023425E+07
  0.000100   0.60  0.0180  0.0209  0.0293    1.543    1.511    0.000  148.746    1.675   -0.000   -2.560  150.927  0.180371848E+07
  0.000100   0.65  0.0195  0.0225  0.0316    1.561    2.099    0.000  209.891    1.865   -0.000   -2.768  212.661  0.147966936E+07
  0.000100   0.70  0.0210  0.0243  0.0340    1.578    3.164    0.000  316.743    2.013   -0.000   -2.993  320.517  0.122656679E+07
  0.000100   0.75  0.0225  0.0260  0.0363    1.595    5.376    0.000  528.091    2.114   -0.000   -3.246  533.943  0.101051353E+07
  0.000100   0.80  0.0240  0.0275  0.0386    1.610   10.581    0.000  991.112    2.078   -0.000   -3.540 1001.854  0.827680303E+06
  0.000100   0.85  0.0255  0.0293  0.0409    1.625   24.961    0.000 2145.567    1.654   -0.000   -3.905 2169.914  0.680791859E+06
  0.000100   0.90  0.0270  0.0310  0.0432    1.639   78.285    0.000 5863.969    0.615   -0.000   -4.414 5940.107  0.556391936E+06
  0.000100   0.95  0.0285  0.0326  0.0455    1.653  441.271    0.000 9999.900   -2.209   -0.001   -5.095 9999.998  0.451089324E+06
  0.000200   0.05  0.0030  0.0039  0.0050    1.204    0.722    0.000   12.062    2.500   -0.000   -0.712   15.782  0.320422758E+08
  0.000200   0.10  0.0060  0.0074  0.0099    1.324    0.506    0.000   14.500    1.493   -0.000   -0.790   17.043  0.142668224E+08
  0.000200   0.15  0.0090  0.0108  0.0147    1.400    0.426    0.000   16.958    1.226   -0.000   -0.884   19.135  0.870535145E+07
  0.000200   0.20  0.0120  0.0142  0.0195    1.457    0.389    0.000   19.682    1.208   -0.000   -0.986   21.759  0.601975677E+07
  0.000200   0.25  0.0150  0.0175  0.0243    1.503    0.372    0.000   22.734    1.296   -0.000   -1.093   24.823  0.446209805E+07
  0.000200   0.30  0.0180  0.0208  0.0290    1.543    0.368    0.000   26.177    1.442   -0.000   -1.204   28.337  0.345772440E+07
  0.000200   0.35  0.0210  0.0241  0.0336    1.578    0.378    0.000   30.197    1.624   -0.000   -1.322   32.468  0.275453002E+07
  0.000200   0.40  0.0240  0.0272  0.0382    1.610    0.402    0.000   35.066    1.837   -0.000   -1.444   37.484  0.223179530E+07
  0.000200   0.45  0.0270  0.0305  0.0427    1.639    0.438    0.000   40.565    2.045   -0.000   -1.573   43.128  0.185301212E+07
  0.000200   0.50  0.0300  0.0335  0.0472    1.666    0.498    0.000   47.739    2.289   -0.000   -1.709   50.496  0.154354747E+07
  0.000200   0.55  0.0330  0.0368  0.0517    1.691    0.580    0.000   56.275    2.504   -0.000   -1.852   59.212  0.131178327E+07
  0.000200   0.60  0.0360  0.0399  0.0561    1.714    0.707    0.000   67.925    2.746   -0.001   -2.004   71.102  0.111657584E+07
  0.000200   0.65  0.0390  0.0430  0.0604    1.737    0.895    0.000   83.755    2.978   -0.001   -2.166   87.213  0.960533548E+06
  0.000200   0.70  0.0420  0.0461  0.0647    1.758    1.189    0.000  106.700    3.187   -0.001   -2.343  110.504  0.832576576E+06
  0.000200   0.75  0.0450  0.0490  0.0690    1.778    1.688    0.000  143.499    3.385   -0.001   -2.541  147.824  0.723386223E+06
  0.000200   0.80  0.0480  0.0520  0.0732    1.797    2.610    0.000  207.287    3.508   -0.001   -2.771  212.447  0.634409881E+06
  0.000200   0.85  0.0510  0.0551  0.0773    1.815    4.608    0.000  336.471    3.509   -0.001   -3.055  343.364  0.560535453E+06
  0.000200   0.90  0.0540  0.0580  0.0814    1.833   10.333    0.000  674.815    3.295   -0.001   -3.451  686.841  0.497010564E+06
  0.000200   0.95  0.0570  0.0608  0.0855    1.850   40.070    0.000 2197.277    2.515   -0.001   -4.149 2237.579  0.442668918E+06
  0.000300   0.05  0.0045  0.0058  0.0074    1.273    0.586    0.000   11.227    2.178   -0.000   -0.630   14.642  0.213167682E+08
  0.000300   0.10  0.0090  0.0110  0.0146    1.400    0.392    0.000   12.710    1.418   -0.000   -0.688   15.241  0.949888247E+07
  0.000300   0.15  0.0135  0.0160  0.0218    1.481    0.320    0.000   14.199    1.334   -0.000   -0.765   16.580  0.579322962E+07
  0.000300   0.20  0.0180  0.0209  0.0288    1.543    0.286    0.000   15.868    1.455   -0.000   -0.849   18.315  0.401569419E+07
  0.000300   0.25  0.0225  0.0257  0.0357    1.595    0.269    0.000   17.712    1.658   -0.000   -0.939   20.308  0.298058103E+07
  0.000300   0.30  0.0270  0.0305  0.0425    1.639    0.267    0.000   20.094    1.905   -0.000   -1.034   22.884  0.231169385E+07
  0.000300   0.35  0.0315  0.0351  0.0492    1.679    0.274    0.000   22.837    2.173   -0.000   -1.134   25.842  0.184304046E+07
  0.000300   0.40  0.0360  0.0396  0.0557    1.714    0.291    0.000   26.101    2.447   -0.000   -1.240   29.328  0.150232043E+07
  0.000300   0.45  0.0405  0.0442  0.0622    1.747    0.317    0.000   29.782    2.716   -0.000   -1.351   33.226  0.124853359E+07
  0.000300   0.50  0.0450  0.0486  0.0685    1.778    0.363    0.000   34.833    2.999   -0.001   -1.469   38.520  0.104687032E+07
  0.000300   0.55  0.0495  0.0530  0.0748    1.806    0.426    0.000   40.766    3.264   -0.001   -1.594   44.684  0.891110047E+06
  0.000300   0.60  0.0540  0.0573  0.0809    1.833    0.517    0.000   48.484    3.538   -0.001   -1.727   52.661  0.763924320E+06
  0.000300   0.65  0.0585  0.0614  0.0870    1.859    0.653    0.000   58.848    3.812   -0.001   -1.869   63.319  0.659017613E+06
  0.000300   0.70  0.0631  0.0657  0.0929    1.883    0.854    0.000   72.946    4.046   -0.001   -2.024   77.722  0.575527613E+06
  0.000300   0.75  0.0676  0.0698  0.0988    1.906    1.177    0.000   94.023    4.280   -0.001   -2.197   99.205  0.504176460E+06
  0.000300   0.80  0.0721  0.0737  0.1045    1.928    1.737    0.000  128.175    4.485   -0.001   -2.398  133.945  0.443943062E+06
  0.000300   0.85  0.0766  0.0779  0.1102    1.949    2.828    0.000  189.944    4.576   -0.001   -2.647  196.668  0.395424744E+06
  0.000300   0.90  0.0811  0.0818  0.1157    1.969    5.561    0.000  333.049    4.523   -0.001   -2.993  342.127  0.353578731E+06
  0.000300   0.95  0.0856  0.0856  0.1212    1.989   17.383    0.000  885.516    4.081   -0.002   -3.606  905.382  0.317618297E+06
  0.000500   0.05  0.0075  0.0097  0.0121    1.365    0.442    0.000   10.316    1.832   -0.000   -0.532   13.431  0.127333243E+08
  0.000500   0.10  0.0150  0.0181  0.0239    1.503    0.281    0.000   10.914    1.437   -0.000   -0.569   13.578  0.563063174E+07
  0.000500   0.15  0.0225  0.0261  0.0354    1.595    0.223    0.000   11.488    1.607   -0.000   -0.626   14.301  0.342495995E+07
  0.000500   0.20  0.0300  0.0337  0.0466    1.666    0.198    0.000   12.304    1.935   -0.000   -0.691   15.426  0.235496028E+07
  0.000500   0.25  0.0375  0.0412  0.0574    1.726    0.187    0.000   13.372    2.297   -0.000   -0.763   16.834  0.174299549E+07
  0.000500   0.30  0.0450  0.0485  0.0680    1.778    0.185    0.000   14.608    2.658   -0.000   -0.841   18.403  0.134879895E+07
  0.000500   0.35  0.0525  0.0556  0.0783    1.824    0.190    0.000   16.181    3.004   -0.001   -0.924   20.292  0.107619139E+07
  0.000500   0.40  0.0600  0.0624  0.0883    1.867    0.204    0.000   18.237    3.363   -0.001   -1.012   22.675  0.874664654E+06
  0.000500   0.45  0.0676  0.0691  0.0980    1.906    0.224    0.000   20.755    3.533   -0.001   -1.106   25.329  0.724175851E+06
  0.000500   0.50  0.0751  0.0755  0.1075    1.942    0.259    0.000   23.921    4.014   -0.001   -1.206   28.948  0.607337641E+06
  0.000500   0.55  0.0826  0.0818  0.1167    1.976    0.307    0.000   27.906    4.390   -0.001   -1.312   33.286  0.515385622E+06
  0.000500   0.60  0.0901  0.0878  0.1256    2.008    0.373    0.000   32.776    4.639   -0.001   -1.425   38.388  0.440337620E+06
  0.000500   0.65  0.0976  0.0939  0.1343    2.038    0.475    0.000   39.871    4.911   -0.002   -1.547   45.767  0.380987166E+06
  0.000500   0.70  0.1051  0.0996  0.1428    2.067    0.623    0.000   49.270    5.221   -0.002   -1.680   55.521  0.330971871E+06
  0.000500   0.75  0.1126  0.1052  0.1510    2.094    0.852    0.000   62.679    5.510   -0.002   -1.829   69.328  0.289502212E+06
  0.000500   0.80  0.1201  0.1109  0.1590    2.121    1.228    0.000   83.058    5.755   -0.002   -2.000   90.181  0.255505164E+06
  0.000500   0.85  0.1276  0.1162  0.1668    2.146    1.927    0.000  118.125    5.992   -0.002   -2.213  125.997  0.226444944E+06
  0.000500   0.90  0.1351  0.1213  0.1744    2.170    3.504    0.000  190.921    6.136   -0.002   -2.509  200.242  0.201615649E+06
  0.000500   0.95  0.1426  0.1265  0.1818    2.193    9.111    0.000  423.207    5.964   -0.003   -3.034  437.462  0.181084160E+06
  0.000700   0.05  0.0105  0.0134  0.0168    1.430    0.359    0.000    9.759    1.655   -0.000   -0.471   12.744  0.901600816E+07
  0.000700   0.10  0.0210  0.0249  0.0330    1.578    0.221    0.000    9.824    1.525   -0.000   -0.495   12.666  0.397513249E+07
  0.000700   0.15  0.0315  0.0357  0.0485    1.679    0.174    0.000    9.978    1.878   -0.000   -0.541   13.182  0.239843397E+07
  0.000700   0.20  0.0420  0.0460  0.0635    1.758    0.154    0.000   10.317    2.321   -0.000   -0.597   13.968  0.164813031E+07
  0.000700   0.25  0.0525  0.0558  0.0779    1.824    0.147    0.000   10.910    2.776   -0.000   -0.659   15.014  0.121248321E+07
  0.000700   0.30  0.0631  0.0652  0.0917    1.883    0.146    0.000   11.768    3.211   -0.001   -0.727   16.298  0.931990027E+06
  0.000700   0.35  0.0736  0.0740  0.1051    1.935    0.153    0.000   12.947    3.629   -0.001   -0.801   17.881  0.736975199E+06
  0.000700   0.40  0.0841  0.0827  0.1179    1.983    0.165    0.000   14.441    4.003   -0.001   -0.880   19.731  0.597406907E+06
  0.000700   0.45  0.0946  0.0910  0.1302    2.026    0.185    0.000   16.369    4.358   -0.001   -0.964   21.994  0.492250958E+06
  0.000700   0.50  0.1051  0.0989  0.1421    2.067    0.214    0.000   18.831    4.699   -0.001   -1.054   24.776  0.410797760E+06
  0.000700   0.55  0.1156  0.1066  0.1535    2.105    0.255    0.000   22.013    5.020   -0.002   -1.150   28.263  0.346845255E+06
  0.000700   0.60  0.1261  0.1140  0.1645    2.141    0.314    0.000   26.121    5.319   -0.002   -1.253   32.663  0.295785445E+06
  0.000700   0.65  0.1366  0.1209  0.1750    2.175    0.401    0.000   31.669    5.646   -0.002   -1.364   38.548  0.253595866E+06
  0.000700   0.70  0.1471  0.1280  0.1852    2.207    0.526    0.000   39.105    5.935   -0.002   -1.485   46.310  0.219948988E+06
  0.000700   0.75  0.1576  0.1346  0.1949    2.238    0.721    0.000   49.825    6.263   -0.003   -1.620   57.449  0.191652145E+06
  0.000700   0.80  0.1681  0.1409  0.2043    2.267    1.041    0.000   66.232    6.580   -0.003   -1.777   74.365  0.167792257E+06
  0.000700   0.85  0.1786  0.1346  0.2134    2.295    1.772    0.000  102.257    7.702   -0.003   -1.970  112.079  0.135468747E+06
  0.000700   0.90  0.1892  0.1265  0.2221    2.322    3.490    0.000  179.318    9.056   -0.003   -2.245  191.965  0.108490478E+06
  0.000700   0.95  0.1997  0.1188  0.2304    2.348    9.433    0.000  414.365   10.203   -0.004   -2.716  433.657  0.875861402E+05
  0.001000   0.05  0.0150  0.0189  0.0237    1.503    0.280    0.000    9.111    1.517   -0.000   -0.408   12.016  0.624457515E+07
  0.001000   0.10  0.0300  0.0347  0.0461    1.666    0.168    0.000    8.750    1.703   -0.000   -0.421   11.879  0.271312315E+07
  0.001000   0.15  0.0450  0.0493  0.0673    1.778    0.132    0.000    8.515    2.241   -0.000   -0.458   12.223  0.162599013E+07
  0.001000   0.20  0.0600  0.0629  0.0874    1.867    0.118    0.000    8.538    2.811   -0.000   -0.505   12.847  0.110681940E+07
  0.001000   0.25  0.0751  0.0755  0.1064    1.942    0.114    0.000    8.826    3.350   -0.001   -0.558   13.693  0.807559756E+06
  0.001000   0.30  0.0901  0.0873  0.1243    2.008    0.116    0.000    9.376    3.844   -0.001   -0.618   14.746  0.614821549E+06
  0.001000   0.35  0.1051  0.0986  0.1413    2.067    0.123    0.000   10.172    4.277   -0.001   -0.683   15.976  0.483800404E+06
  0.001000   0.40  0.1201  0.1093  0.1574    2.121    0.134    0.000   11.286    4.653   -0.001   -0.754   17.462  0.389105548E+06
  0.001000   0.45  0.1351  0.1191  0.1726    2.170    0.152    0.000   12.797    4.991   -0.002   -0.830   19.303  0.317597105E+06
  0.001000   0.50  0.1501  0.1288  0.1870    2.216    0.177    0.000   14.726    5.272   -0.002   -0.911   21.503  0.263696210E+06
  0.001000   0.55  0.1651  0.1377  0.2006    2.259    0.214    0.000   17.278    5.542   -0.002   -0.998   24.317  0.220828776E+06
  0.001000   0.60  0.1801  0.1306  0.2135    2.299    0.299    0.000   23.070    6.718   -0.003   -1.092   31.318  0.166795337E+06
  0.001000   0.65  0.1952  0.1173  0.2257    2.337    0.454    0.000   33.093    8.607   -0.003   -1.193   43.323  0.121128876E+06
  0.001000   0.70  0.2102  0.1040  0.2372    2.373    0.717    0.000   48.872   11.184   -0.003   -1.304   61.867  0.878802330E+05
  0.001000   0.75  0.2252  0.1131  0.2481    2.407    0.948    0.000   60.322   11.311   -0.004   -1.427   73.587  0.790547141E+05
  0.001000   0.80  0.2402  0.1218  0.2585    2.439    1.324    0.000   77.913   11.594   -0.004   -1.569   91.728  0.711525898E+05
  0.001000   0.85  0.2552  0.1302  0.2682    2.470    1.996    0.000  107.343   11.965   -0.005   -1.744  122.056  0.641320618E+05
  0.001000   0.90  0.2702  0.1383  0.2775    2.500    3.422    0.000  165.059   12.347   -0.005   -1.987  181.368  0.579287628E+05
  0.001000   0.95  0.2852  0.1461  0.2862    2.529    7.895    0.000  328.175   12.546   -0.005   -2.419  348.753  0.524701330E+05
  0.002000   0.05  0.0300  0.0364  0.0456    1.666    0.152    0.000    7.675    1.436   -0.000   -0.295   10.647  0.299818833E+07
  0.002000   0.10  0.0600  0.0646  0.0865    1.867    0.083    0.000    6.567    2.207   -0.000   -0.293   10.449  0.126575598E+07
  0.002000   0.15  0.0901  0.0887  0.1230    2.008    0.068    0.000    5.927    3.059   -0.001   -0.316   10.766  0.733412497E+06
  0.002000   0.20  0.1201  0.1100  0.1558    2.121    0.066    0.000    5.615    3.782   -0.001   -0.349   11.256  0.485738192E+06
  0.002000   0.25  0.1501  0.1287  0.1851    2.216    0.068    0.000    5.589    4.305   -0.001   -0.390   11.811  0.345142502E+06
  0.002000   0.30  0.1801  0.1278  0.2113    2.299    0.082    0.000    6.602    5.307   -0.002   -0.438   13.877  0.225758446E+06
  0.002000   0.35  0.2102  0.0958  0.2348    2.373    0.136    0.000   10.470    8.878   -0.002   -0.490   21.392  0.117810397E+06
  0.002000   0.40  0.2402  0.1116  0.2558    2.439    0.142    0.000   10.851    8.598   -0.003   -0.548   21.508  0.995299413E+05
  0.002000   0.45  0.2702  0.1261  0.2746    2.500    0.157    0.000   11.726    8.681   -0.003   -0.612   22.481  0.841649455E+05
  0.002000   0.50  0.3002  0.1396  0.2915    2.556    0.183    0.000   13.163    8.921   -0.004   -0.680   24.172  0.714173549E+05
  0.002000   0.55  0.3303  0.1521  0.3066    2.608    0.221    0.000   15.186    9.262   -0.005   -0.754   26.553  0.608690590E+05
  0.002000   0.60  0.3603  0.1638  0.3201    2.657    0.276    0.000   17.963    9.704   -0.005   -0.834   29.796  0.521256809E+05
  0.002000   0.65  0.3903  0.1749  0.3322    2.703    0.355    0.000   21.793   10.243   -0.006   -0.920   34.205  0.448531167E+05
  0.002000   0.70  0.4203  0.1853  0.3430    2.746    0.472    0.000   27.169   10.890   -0.007   -1.013   40.295  0.387793064E+05
  0.002000   0.75  0.4504  0.1951  0.3527    2.786    0.649    0.000   34.946   11.668   -0.008   -1.117   48.964  0.336860231E+05
  0.002000   0.80  0.4804  0.2045  0.3613    2.825    0.935    0.000   46.831   12.581   -0.008   -1.237   61.967  0.293988726E+05
  0.002000   0.85  0.5104  0.2134  0.3691    2.861    1.439    0.000   66.629   13.653   -0.009   -1.383   83.233  0.257781581E+05
  0.002000   0.90  0.5404  0.2219  0.3761    2.896    2.486    0.000  105.022   14.863   -0.010   -1.584  123.716  0.227115953E+05
  0.002000   0.95  0.5705  0.2300  0.3822    2.930    5.629    0.000  209.867   16.066   -0.011   -1.940  232.585  0.201101462E+05
  0.004000   0.05  0.0600  0.0676  0.0856    1.867    0.055    0.000    5.917    1.549   -0.000   -0.197    9.208  0.139486419E+07
  0.004000   0.10  0.1201  0.1129  0.1542    2.121    0.025    0.000    4.469    2.793   -0.001   -0.185    9.244  0.553327133E+06
  0.004000   0.15  0.1801  0.1291  0.2092    2.299    0.027    0.000    4.248    4.126   -0.001   -0.200   10.525  0.267065627E+06
  0.004000   0.20  0.2402  0.1090  0.2532    2.439    0.046    0.000    5.388    6.718   -0.002   -0.225   14.394  0.120426593E+06
  0.004000   0.25  0.3002  0.1344  0.2885    2.556    0.050    0.000    4.803    6.955   -0.003   -0.258   14.137  0.901230325E+05
  0.004000   0.30  0.3603  0.1562  0.3168    2.657    0.057    0.000    4.678    7.316   -0.003   -0.297   14.443  0.688982864E+05
  0.004000   0.35  0.4203  0.1752  0.3395    2.746    0.065    0.000    4.889    7.708   -0.004   -0.341   15.101  0.537701361E+05
  0.004000   0.40  0.4804  0.1920  0.3577    2.825    0.076    0.000    5.371    8.128   -0.005   -0.390   16.045  0.427204899E+05
  0.004000   0.45  0.5404  0.2072  0.3722    2.896    0.093    0.000    6.124    8.579   -0.007   -0.444   17.284  0.344600897E+05
  0.004000   0.50  0.6005  0.2211  0.3835    2.962    0.118    0.000    7.196    9.078   -0.008   -0.503   18.888  0.281586181E+05
  0.004000   0.55  0.6605  0.2338  0.3918    3.022    0.152    0.000    8.659    9.645   -0.009   -0.567   20.948  0.232684635E+05
  0.004000   0.60  0.7206  0.2456  0.3975    3.078    0.200    0.000   10.642   10.295   -0.011   -0.636   23.616  0.194179618E+05
  0.004000   0.65  0.7806  0.2565  0.4013    3.130    0.267    0.000   13.361   11.042   -0.012   -0.797   27.042  0.163485315E+05
  0.004000   0.70  0.8407  0.2667  0.4034    3.179    0.367    0.000   17.167   11.968   -0.014   -0.790   31.929  0.138761631E+05
  0.004000   0.75  0.9007  0.2763  0.4042    3.225    0.516    0.000   22.725   13.074   -0.015   -0.878   38.701  0.118672476E+05
  0.004000   0.80  0.9608  0.2854  0.4041    3.269    0.756    0.000   31.263   14.470   -0.017   -0.979   48.816  0.102229851E+05
  0.004000   0.85  1.0208  0.2940  0.4031    3.311    1.177    0.000   45.618   16.247   -0.018   -1.100   65.291  0.886912006E+04
  0.004000   0.90  1.0809  0.3021  0.4016    3.347    2.040    0.000   73.702   18.492   -0.020   -1.265   96.354  0.774902405E+04
  0.004000   0.95  1.1409  0.3099  0.3996    3.381    4.562    0.000  150.427   21.160   -0.021   -1.554  178.014  0.681893448E+04
  0.006000   0.05  0.0901  0.0944  0.1211    2.008    0.014    0.000    4.842    1.655   -0.000   -0.147    8.392  0.865808213E+06
  0.006000   0.10  0.1801  0.1319  0.2079    2.299    0.001    0.000    3.821    3.386   -0.001   -0.133    9.398  0.287274500E+06
  0.006000   0.15  0.2702  0.1247  0.2702    2.500    0.009    0.000    4.018    5.780   -0.002   -0.145   12.192  0.114693257E+06
  0.006000   0.20  0.3603  0.1571  0.3150    2.657    0.018    0.000    3.237    6.284   -0.003   -0.167   12.062  0.770780495E+05
  0.006000   0.25  0.4504  0.1831  0.3470    2.786    0.026    0.000    2.965    6.777   -0.004   -0.196   12.393  0.545266574E+05
  0.006000   0.30  0.5404  0.2049  0.3699    2.896    0.032    0.000    2.982    7.175   -0.005   -0.231   12.891  0.401536404E+05
  0.006000   0.35  0.6305  0.2237  0.3855    2.993    0.040    0.000    3.211    7.624   -0.006   -0.271   13.635  0.304977877E+05
  0.006000   0.40  0.7206  0.2403  0.3950    3.078    0.050    0.000    3.481    8.160   -0.008   -0.316   14.493  0.237337123E+05
  0.006000   0.45  0.8107  0.2550  0.3999    3.155    0.067    0.000    4.274    8.650   -0.010   -0.366   15.820  0.188350282E+05
  0.006000   0.50  0.9007  0.2684  0.4016    3.225    0.090    0.000    5.147    9.239   -0.012   -0.420   17.322  0.151910853E+05
  0.006000   0.55  0.9908  0.2806  0.4011    3.289    0.122    0.000    6.329    9.884   -0.014   -0.479   19.187  0.124208694E+05
  0.006000   0.60  1.0809  0.2918  0.3991    3.347    0.167    0.000    7.927   10.623   -0.016   -0.542   21.563  0.102769193E+05
  0.006000   0.65  1.1710  0.3021  0.3960    3.398    0.230    0.000   10.124   11.509   -0.018   -0.610   24.692  0.859297200E+04
  0.006000   0.70  1.2610  0.3118  0.3921    3.446    0.321    0.000   13.195   12.566   -0.020   -0.683   28.886  0.725403103E+04
  0.006000   0.75  1.3511  0.3208  0.3876    3.492    0.458    0.000   17.698   13.866   -0.023   -0.763   34.790  0.617855640E+04
  0.006000   0.80  1.4412  0.3293  0.3828    3.535    0.677    0.000   24.671   15.502   -0.025   -0.853   43.570  0.530745534E+04
  0.006000   0.85  1.5313  0.3374  0.3777    3.576    1.057    0.000   36.486   17.601   -0.027   -0.961   57.797  0.459707837E+04
  0.006000   0.90  1.6213  0.3449  0.3724    3.616    1.838    0.000   59.868   20.525   -0.030   -1.105   84.779  0.401463371E+04
  0.006000   0.95  1.7114  0.3522  0.3670    3.653    4.099    0.000  124.509   24.400   -0.032   -1.357  155.341  0.353510993E+04
  0.008000   0.05  0.1201  0.1179  0.1526    2.121   -0.008    0.000    4.082    1.707   -0.001   -0.116    7.808  0.608135674E+06
  0.008000   0.10  0.2402  0.1164  0.2506    2.439   -0.019    0.000    4.087    4.810   -0.001   -0.102   11.245  0.142576471E+06
  0.008000   0.15  0.3603  0.1604  0.3136    2.657   -0.006    0.000    2.758    5.500   -0.002   -0.111   10.831  0.829236106E+05
  0.008000   0.20  0.4804  0.1927  0.3540    2.825    0.004    0.000    2.245    6.077   -0.004   -0.132   11.057  0.531912687E+05
  0.008000   0.25  0.6005  0.2184  0.3794    2.962    0.011    0.000    2.089    6.581   -0.005   -0.159   11.523  0.365685942E+05
  0.008000   0.30  0.7206  0.2396  0.3932    3.078    0.016    0.000    2.151    7.058   -0.007   -0.192   12.153  0.264027021E+05
  0.008000   0.35  0.8407  0.2578  0.3990    3.179    0.023    0.000    2.379    7.538   -0.009   -0.229   12.933  0.197633412E+05
  0.008000   0.40  0.9608  0.2736  0.3997    3.269    0.033    0.000    2.761    7.881   -0.011   -0.272   13.715  0.152083803E+05
  0.008000   0.45  1.0809  0.2877  0.3973    3.347    0.049    0.000    3.311    8.586   -0.013   -0.318   15.019  0.119628050E+05
  0.008000   0.50  1.2010  0.3003  0.3930    3.415    0.071    0.000    4.064    9.190   -0.016   -0.369   16.414  0.958021702E+04
  0.008000   0.55  1.3211  0.3118  0.3875    3.477    0.102    0.000    5.069    9.883   -0.018   -0.424   18.150  0.778884857E+04
  0.008000   0.60  1.4412  0.3224  0.3812    3.535    0.145    0.000    6.429   10.680   -0.021   -0.483   20.347  0.641559324E+04
  0.008000   0.65  1.5613  0.3321  0.3744    3.590    0.204    0.000    8.285   11.642   -0.024   -0.547   23.217  0.534597467E+04
  0.008000   0.70  1.6814  0.3412  0.3673    3.641    0.291    0.000   10.916   12.804   -0.027   -0.615   27.077  0.450185127E+04
  0.008000   0.75  1.8015  0.3496  0.3600    3.689    0.419    0.000   14.762   14.247   -0.030   -0.689   32.467  0.382842612E+04
  0.008000   0.80  1.9216  0.3575  0.3527    3.735    0.624    0.000   20.753   16.082   -0.034   -0.772   40.461  0.328636063E+04
  0.008000   0.85  2.0417  0.3650  0.3454    3.779    0.980    0.000   30.976   18.486   -0.037   -0.870   53.387  0.284683347E+04
  0.008000   0.90  2.1618  0.3720  0.3382    3.821    1.707    0.000   51.399   21.836   -0.039   -1.000   77.798  0.248834909E+04
  0.008000   0.95  2.2819  0.3787  0.3312    3.861    3.814    0.000  108.686   26.701   -0.042   -1.226  141.870  0.219462048E+04
  0.010000   0.05  0.1501  0.1383  0.1807    2.216   -0.021    0.000    3.519    1.671   -0.001   -0.094    7.315  0.456584180E+06
  0.010000   0.10  0.3002  0.1448  0.2846    2.556   -0.029    0.000    3.028    4.495   -0.002   -0.080   10.002  0.113556777E+06
  0.010000   0.15  0.4504  0.1888  0.3443    2.786   -0.014    0.000    2.046    5.253   -0.003   -0.089   10.019  0.624751035E+05
  0.010000   0.20  0.6005  0.2205  0.3780    2.962   -0.005    0.000    1.673    5.835   -0.005   -0.108   10.397  0.389467590E+05
  0.010000   0.25  0.7506  0.2454  0.3938    3.105    0.000    0.000    1.581    6.350   -0.006   -0.134   10.945  0.262953751E+05
  0.010000   0.30  0.9007  0.2658  0.3984    3.225    0.005    0.000    1.663    6.839   -0.008   -0.165   11.611  0.187452704E+05
  0.010000   0.35  1.0509  0.2831  0.3967    3.329    0.011    0.000    1.882    7.331   -0.011   -0.201   12.398  0.138986269E+05
  0.010000   0.40  1.2010  0.2982  0.3916    3.415    0.020    0.000    2.231    7.858   -0.013   -0.327   13.243  0.106167799E+05
  0.010000   0.45  1.3511  0.3115  0.3846    3.492    0.036    0.000    2.721    8.421   -0.016   -0.285   14.430  0.830261838E+04
  0.010000   0.50  1.5012  0.3234  0.3765    3.563    0.057    0.000    3.385    9.051   -0.019   -0.334   15.767  0.661840826E+04
  0.010000   0.55  1.6514  0.3342  0.3678    3.628    0.087    0.000    4.273    9.772   -0.023   -0.386   17.419  0.536142372E+04
  0.010000   0.60  1.8015  0.3441  0.3588    3.689    0.128    0.000    5.465   10.614   -0.026   -0.442   19.497  0.440399321E+04
  0.010000   0.65  1.9516  0.3532  0.3497    3.747    0.185    0.000    7.101   11.614   -0.030   -0.502   22.185  0.366247112E+04
  0.010000   0.70  2.1017  0.3617  0.3407    3.800    0.266    0.000    9.409   12.846   -0.034   -0.566   25.795  0.308020855E+04
  0.010000   0.75  2.2519  0.3696  0.3319    3.851    0.389    0.000   12.796   14.385   -0.038   -0.636   30.822  0.261775256E+04
  0.010000   0.80  2.4020  0.3769  0.3233    3.899    0.583    0.000   18.093   16.379   -0.042   -0.713   38.277  0.224695665E+04
  0.010000   0.85  2.5521  0.3839  0.3151    3.944    0.922    0.000   27.184   19.042   -0.046   -0.803   50.322  0.194732092E+04
  0.010000   0.90  2.7022  0.3904  0.3072    3.988    1.612    0.000   45.506   22.765   -0.049   -0.922   72.980  0.170364312E+04
  0.010000   0.95  2.8523  0.3966  0.2998    4.029    3.613    0.000   97.683   28.498   -0.053   -1.127  132.726  0.150446837E+04
  0.013000   0.05  0.1952  0.1280  0.2171    2.337   -0.043    0.000    3.720    2.371   -0.001   -0.072    8.339  0.249994825E+06
  0.013000   0.10  0.3903  0.1794  0.3228    2.703   -0.036    0.000    2.125    4.101   -0.002   -0.058    8.869  0.832244296E+05
  0.013000   0.15  0.5855  0.2221  0.3738    2.946   -0.022    0.000    1.420    4.891   -0.004   -0.064    9.211  0.434928445E+05
  0.013000   0.20  0.7806  0.2524  0.3936    3.130   -0.015    0.000    1.168    5.477   -0.006   -0.085    9.719  0.263725763E+05
  0.013000   0.25  0.9758  0.2757  0.3963    3.279   -0.012    0.000    1.130    5.997   -0.008   -0.109   10.332  0.174885076E+05
  0.013000   0.30  1.1710  0.2948  0.3911    3.398   -0.008    0.000    1.230    5.650   -0.011   -0.138   10.180  0.123081154E+05
  0.013000   0.35  1.3661  0.3108  0.3822    3.499   -0.004    0.000    1.433    6.991   -0.014   -0.171   11.797  0.903803984E+04
  0.013000   0.40  1.5613  0.3247  0.3715    3.590    0.005    0.000    1.743    7.547   -0.017   -0.209   12.724  0.685238027E+04
  0.013000   0.45  1.7564  0.3369  0.3600    3.672    0.020    0.000    2.170    8.133   -0.021   -0.251   13.792  0.532737935E+04
  0.013000   0.50  1.9516  0.3478  0.3483    3.747    0.040    0.000    2.743    8.778   -0.025   -0.296   15.058  0.422727928E+04
  0.013000   0.55  2.1468  0.3577  0.3366    3.816    0.069    0.000    3.504    9.530   -0.030   -0.345   16.618  0.341240278E+04
  0.013000   0.60  2.3419  0.3666  0.3253    3.880    0.107    0.000    4.528   10.383   -0.034   -0.398   18.542  0.279572838E+04
  0.013000   0.65  2.5371  0.3749  0.3146    3.940    0.161    0.000    5.926   11.445   -0.039   -0.454   21.057  0.232077219E+04
  0.013000   0.70  2.7322  0.3825  0.3044    3.996    0.238    0.000    7.897   12.736   -0.044   -0.513   24.391  0.194960104E+04
  0.013000   0.75  2.9274  0.3896  0.2950    4.049    0.352    0.000   10.744   14.371   -0.049   -0.577   28.974  0.165600080E+04
  0.013000   0.80  3.1226  0.3963  0.2862    4.099    0.535    0.000   15.369   16.527   -0.054   -0.647   35.914  0.142140441E+04
  0.013000   0.85  3.3177  0.4025  0.2780    4.146    0.855    0.000   23.259   19.495   -0.059   -0.728   47.056  0.123237871E+04
  0.013000   0.90  3.5129  0.4083  0.2704    4.191    1.508    0.000   39.365   23.769   -0.064   -0.833   68.025  0.107902247E+04
  0.013000   0.95  3.7081  0.4139  0.2634    4.234    3.404    0.000   86.187   30.606   -0.068   -1.014  123.441  0.953916074E+03
  0.016000   0.05  0.2402  0.1350  0.2476    2.439   -0.056    0.000    3.364    2.615   -0.001   -0.057    8.334  0.174051082E+06
  0.016000   0.10  0.4804  0.2067  0.3497    2.825   -0.039    0.000    1.591    3.806   -0.003   -0.044    8.176  0.633149919E+05
  0.016000   0.15  0.7206  0.2476  0.3883    3.078   -0.027    0.000    1.048    4.552   -0.005   -0.052    8.641  0.320090333E+05
  0.016000   0.20  0.9608  0.2762  0.3949    3.269   -0.022    0.000    0.866    5.139   -0.007   -0.069    9.230  0.190530933E+05
  0.016000   0.25  1.2010  0.2980  0.3884    3.415   -0.021    0.000    0.863    5.661   -0.010   -0.092    9.875  0.124808500E+05
  0.016000   0.30  1.4412  0.3157  0.3769    3.535   -0.020    0.000    0.964    6.178   -0.013   -0.120   10.589  0.870655405E+04
  0.016000   0.35  1.6814  0.3305  0.3632    3.641   -0.015    0.000    1.162    6.704   -0.017   -0.151   11.390  0.635086446E+04
  0.016000   0.40  1.9216  0.3433  0.3488    3.735   -0.006    0.000    1.444    7.252   -0.021   -0.187   12.288  0.479031559E+04
  0.016000   0.45  2.1618  0.3544  0.3345    3.821    0.008    0.000    1.825    7.850   -0.026   -0.227   13.326  0.370934445E+04
  0.016000   0.50  2.4020  0.3644  0.3207    3.899    0.028    0.000    2.331    8.510   -0.031   -0.270   14.544  0.293424064E+04
  0.016000   0.55  2.6422  0.3734  0.3078    3.970    0.055    0.000    3.009    9.264   -0.037   -0.316   16.027  0.236298871E+04
  0.016000   0.60  2.8824  0.3816  0.2959    4.037    0.091    0.000    3.911   10.146   -0.042   -0.365   17.861  0.193251595E+04
  0.016000   0.65  3.1226  0.3890  0.2850    4.099    0.142    0.000    5.147   11.210   -0.048   -0.418   20.218  0.160216090E+04
  0.016000   0.70  3.3628  0.3960  0.2751    4.157    0.215    0.000    6.890   12.548   -0.055   -0.473   23.370  0.134478136E+04
  0.016000   0.75  3.6030  0.4024  0.2660    4.211    0.324    0.000    9.463   14.227   -0.061   -0.532   27.722  0.114172075E+04
  0.016000   0.80  3.8432  0.4084  0.2578    4.263    0.497    0.000   13.510   16.501   -0.067   -0.597   34.201  0.979827046E+03
  0.016000   0.85  4.0834  0.4140  0.2502    4.312    0.802    0.000   20.542   19.695   -0.073   -0.670   44.703  0.849624506E+03
  0.016000   0.90  4.3236  0.4193  0.2434    4.358    1.429    0.000   35.061   24.442   -0.079   -0.764   64.544  0.744154634E+03
  0.016000   0.95  4.5638  0.4243  0.2370    4.402    3.256    0.000   78.064   32.297   -0.084   -0.925  117.110  0.658220262E+03
  0.020000   0.05  0.3002  0.1662  0.2807    2.556   -0.057    0.000    2.514    2.237   -0.002   -0.043    7.238  0.137151055E+06
  0.020000   0.10  0.6005  0.2351  0.3728    2.962   -0.040    0.000    1.150    3.411   -0.004   -0.032    7.492  0.460972812E+05
  0.020000   0.15  0.9007  0.2734  0.3930    3.225   -0.031    0.000    0.744    4.144   -0.006   -0.040    8.089  0.226133426E+05
  0.020000   0.20  1.2010  0.2996  0.3866    3.415   -0.029    0.000    0.630    4.735   -0.009   -0.056    8.745  0.132300925E+05
  0.020000   0.25  1.5012  0.3195  0.3719    3.563   -0.030    0.000    0.650    5.270   -0.013   -0.077    9.427  0.856678802E+04
  0.020000   0.30  1.8015  0.3354  0.3544    3.689   -0.030    0.000    0.756    5.797   -0.017   -0.103   10.161  0.592627079E+04
  0.020000   0.35  2.1017  0.3488  0.3364    3.800   -0.026    0.000    0.934    6.328   -0.021   -0.133   10.955  0.429558349E+04
  0.020000   0.40  2.4020  0.3602  0.3192    3.899   -0.017    0.000    1.185    6.885   -0.027   -0.167   11.836  0.322429483E+04
  0.020000   0.45  2.7022  0.3702  0.3032    3.988   -0.004    0.000    1.525    7.487   -0.033   -0.204   12.841  0.248721643E+04
  0.020000   0.50  3.0025  0.3791  0.2889    4.068    0.015    0.000    1.972    8.159   -0.039   -0.362   13.898  0.196162309E+04
  0.020000   0.55  3.3027  0.3870  0.2760    4.143    0.040    0.000    2.564    8.916   -0.046   -0.287   15.418  0.157605019E+04
  0.020000   0.60  3.6030  0.3943  0.2646    4.211    0.075    0.000    3.355    9.810   -0.053   -0.333   17.155  0.128663317E+04
  0.020000   0.65  3.9032  0.4009  0.2544    4.275    0.122    0.000    4.438   10.889   -0.060   -0.382   19.376  0.106526901E+04
  0.020000   0.70  4.2035  0.4070  0.2453    4.335    0.191    0.000    5.965   12.231   -0.068   -0.433   22.317  0.893298908E+03
  0.020000   0.75  4.5037  0.4126  0.2372    4.391    0.293    0.000    8.212   13.977   -0.076   -0.487   26.409  0.757957204E+03
  0.020000   0.80  4.8040  0.4179  0.2298    4.445    0.457    0.000   11.772   16.346   -0.084   -0.544   32.492  0.650281783E+03
  0.020000   0.85  5.1042  0.4228  0.2232    4.495    0.746    0.000   17.975   19.743   -0.091   -0.609   42.362  0.563839417E+03
  0.020000   0.90  5.4044  0.4274  0.2172    4.542    1.346    0.000   30.925   25.010   -0.099   -0.691   61.140  0.493921557E+03
  0.020000   0.95  5.7047  0.4318  0.2117    4.588    3.110    0.000   70.130   34.105   -0.105   -0.830  111.105  0.437022307E+03
  0.030000   0.05  0.4504  0.2214  0.3352    2.786   -0.049    0.000    1.478    1.507   -0.002   -0.028    5.732  0.811957929E+05
  0.030000   0.10  0.9007  0.2815  0.3883    3.225   -0.038    0.000    0.607    2.598   -0.005   -0.019    6.421  0.245240901E+05
  0.030000   0.15  1.3511  0.3131  0.3755    3.492   -0.035    0.000    0.386    3.317   -0.009   -0.027    7.185  0.115153021E+05
  0.030000   0.20  1.8015  0.3343  0.3503    3.689   -0.040    0.000    0.349    3.917   -0.014   -0.041    7.930  0.656569687E+04
  0.030000   0.25  2.2519  0.3501  0.3237    3.851   -0.045    0.000    0.395    4.470   -0.019   -0.060    8.667  0.417781244E+04
  0.030000   0.30  2.7022  0.3627  0.2993    3.988   -0.046    0.000    0.496    5.015   -0.025   -0.083    9.426  0.285356090E+04
  0.030000   0.35  3.1526  0.3730  0.2783    4.106   -0.042    0.000    0.647    5.561   -0.032   -0.109   10.218  0.204846325E+04
  0.030000   0.40  3.6030  0.3818  0.2606    4.211   -0.034    0.000    0.852    6.130   -0.040   -0.138   11.072  0.152602272E+04
  0.030000   0.45  4.0533  0.3895  0.2458    4.306   -0.022    0.000    1.123    6.737   -0.049   -0.170   12.019  0.117014054E+04
  0.030000   0.50  4.5037  0.3963  0.2333    4.391   -0.005    0.000    1.477    7.451   -0.058   -0.205   13.149  0.918467449E+03
  0.030000   0.55  4.9541  0.4023  0.2226    4.470    0.017    0.000    1.945    8.166   -0.068   -0.242   14.389  0.735133973E+03
  0.030000   0.60  5.4044  0.4078  0.2134    4.542    0.047    0.000    2.570    9.054   -0.079   -0.281   15.958  0.598347106E+03
  0.030000   0.65  5.8548  0.4128  0.2054    4.610    0.088    0.000    3.422   10.127   -0.091   -0.322   17.943  0.494266478E+03
  0.030000   0.70  6.3052  0.4174  0.1984    4.672    0.147    0.000    4.622   11.482   -0.102   -0.364   20.568  0.413773133E+03
  0.030000   0.75  6.7556  0.4216  0.1922    4.731    0.236    0.000    6.392   13.259   -0.114   -0.408   24.212  0.350670631E+03
  0.030000   0.80  7.2059  0.4255  0.1866    4.787    0.381    0.000    9.186   15.724   -0.126   -0.452   29.618  0.300635407E+03
  0.030000   0.85  7.6563  0.4292  0.1816    4.839    0.641    0.000   14.095   19.382   -0.137   -0.501   38.439  0.260581161E+03
  0.030000   0.90  8.1067  0.4327  0.1771    4.889    1.189    0.000   24.484   25.382   -0.148   -0.559   55.361  0.228260542E+03
  0.030000   0.95  8.5570  0.4359  0.1731    4.936    2.848    0.000   57.274   36.942   -0.158   -0.654  101.313  0.202008071E+03
  0.040000   0.05  0.6005  0.2566  0.3630    2.962   -0.037    0.000    0.990    0.922   -0.003   -0.024    4.854  0.529400506E+05
  0.040000   0.10  1.2010  0.3083  0.3774    3.415   -0.033    0.000    0.369    1.956   -0.007   -0.019    5.740  0.151092965E+05
  0.040000   0.15  1.8015  0.3346  0.3458    3.689   -0.036    0.000    0.238    2.669   -0.012   -0.026    6.591  0.692231607E+04
  0.040000   0.20  2.4020  0.3518  0.3108    3.899   -0.045    0.000    0.233    3.281   -0.018   -0.039    7.387  0.388903744E+04
  0.040000   0.25  3.0025  0.3646  0.2804    4.068   -0.052    0.000    0.285    3.848   -0.025   -0.056    8.153  0.244969636E+04
  0.040000   0.30  3.6030  0.3746  0.2561    4.211   -0.053    0.000    0.378    4.399   -0.034   -0.076    8.916  0.166076502E+04
  0.040000   0.35  4.2035  0.3828  0.2369    4.335   -0.050    0.000    0.509    4.953   -0.043   -0.099    9.702  0.118536638E+04
  0.040000   0.40  4.8040  0.3898  0.2215    4.445   -0.043    0.000    0.685    5.525   -0.053   -0.125   10.534  0.879049244E+03
  0.040000   0.45  5.4044  0.3958  0.2089    4.542   -0.032    0.000    0.915    6.132   -0.065   -0.153   11.445  0.671600722E+03
  0.040000   0.50  6.0049  0.4011  0.1985    4.631   -0.017    0.000    1.194    6.794   -0.078   -0.184   12.450  0.525614294E+03
  0.040000   0.55  6.6054  0.4058  0.1897    4.712    0.002    0.000    1.609    7.540   -0.091   -0.216   13.670  0.419713295E+03
  0.040000   0.60  7.2059  0.4101  0.1822    4.787    0.028    0.000    2.136    8.411   -0.106   -0.250   15.124  0.340984202E+03
  0.040000   0.65  7.8064  0.4140  0.1757    4.856    0.064    0.000    2.855    9.466   -0.121   -0.285   16.957  0.281266805E+03
  0.040000   0.70  8.4069  0.4175  0.1700    4.921    0.116    0.000    3.845   10.793   -0.136   -0.320   19.342  0.235208430E+03
  0.040000   0.75  9.0074  0.4208  0.1650    4.981    0.196    0.000    5.354   12.503   -0.152   -0.355   22.654  0.199186339E+03
  0.040000   0.80  9.6079  0.4238  0.1606    5.038    0.326    0.000    7.689   15.004   -0.168   -0.389   27.630  0.170681877E+03
  0.040000   0.85  10.2084  0.4267  0.1566    5.092    0.562    0.000   11.817   18.724   -0.183   -0.424   35.721  0.147903081E+03
  0.040000   0.90  10.8089  0.4293  0.1530    5.143    1.068    0.000   20.584   25.048   -0.197   -0.464   51.318  0.129549044E+03
  0.040000   0.95  11.4094  0.4318  0.1497    5.192    2.637    0.000   48.942   38.145   -0.211   -0.527   94.316  0.114658398E+03
  0.060000   0.05  0.9007  0.2979  0.3721    3.225   -0.012    0.000    0.529   -0.033   -0.005   -0.032    3.726  0.273123540E+05
  0.060000   0.10  1.8015  0.3362  0.3357    3.689   -0.020    0.000    0.172    0.928   -0.011   -0.031    4.797  0.732384003E+04
  0.060000   0.15  2.7022  0.3546  0.2846    3.988   -0.031    0.000    0.120    1.647   -0.018   -0.039    5.747  0.326265861E+04
  0.060000   0.20  3.6030  0.3664  0.2457    4.211   -0.044    0.000    0.131    2.263   -0.027   -0.050    6.575  0.180190716E+04
  0.060000   0.25  4.5037  0.3749  0.2182    4.391   -0.052    0.000    0.188    2.859   -0.038   -0.063    7.383  0.112161478E+04
  0.060000   0.30  5.4044  0.3816  0.1984    4.542   -0.055    0.000    0.265    3.424   -0.050   -0.079    8.152  0.753707108E+03
  0.060000   0.35  6.3052  0.3870  0.1834    4.672   -0.053    0.000    0.369    3.980   -0.064   -0.097    8.918  0.534291785E+03
  0.060000   0.40  7.2059  0.3915  0.1718    4.787   -0.048    0.000    0.507    4.542   -0.080   -0.118    9.707  0.394085653E+03
  0.060000   0.45  8.1067  0.3954  0.1625    4.889   -0.041    0.000    0.684    5.138   -0.097   -0.140   10.555  0.299785490E+03
  0.060000   0.50  9.0074  0.3988  0.1548    4.981   -0.030    0.000    0.920    5.778   -0.116   -0.164   11.496  0.233809810E+03
  0.060000   0.55  9.9082  0.4018  0.1484    5.066   -0.016    0.000    1.228    6.490   -0.137   -0.189   12.574  0.186188432E+03
  0.060000   0.60  10.8089  0.4045  0.1430    5.143    0.004    0.000    1.635    7.312   -0.158   -0.214   13.858  0.150938369E+03
  0.060000   0.65  11.7096  0.4069  0.1383    5.215    0.032    0.000    2.192    8.302   -0.181   -0.239   15.461  0.124300941E+03
  0.060000   0.70  12.6104  0.4092  0.1342    5.282    0.073    0.000    2.973    9.552   -0.204   -0.263   17.556  0.103823464E+03
  0.060000   0.75  13.5111  0.4112  0.1306    5.345    0.137    0.000    4.109   11.202   -0.228   -0.284   20.427  0.878537102E+02
  0.060000   0.80  14.4119  0.4131  0.1274    5.404    0.244    0.000    5.918   13.540   -0.251   -0.303   24.702  0.752478868E+02
  0.060000   0.85  15.3126  0.4149  0.1245    5.459    0.442    0.000    9.054   17.152   -0.274   -0.317   31.669  0.651953829E+02
  0.060000   0.90  16.2133  0.4166  0.1219    5.512    0.877    0.000   15.786   23.533   -0.296   -0.327   45.241  0.571098460E+02
  0.060000   0.95  17.1141  0.4181  0.1196    5.562    2.274    0.000   37.995   38.004   -0.316   -0.338   83.340  0.505594045E+02
  0.080000   0.05  1.2010  0.3205  0.3552    3.415    0.014    0.000    0.322   -0.836   -0.006   -0.050    2.918  0.165330640E+05
  0.080000   0.10  2.4020  0.3490  0.2898    3.899   -0.004    0.000    0.096    0.086   -0.014   -0.053    4.088  0.427761680E+04
  0.080000   0.15  3.6030  0.3620  0.2346    4.211   -0.020    0.000    0.075    0.810   -0.024   -0.060    5.083  0.187440976E+04
  0.080000   0.20  4.8040  0.3701  0.1996    4.445   -0.035    0.000    0.098    1.448   -0.037   -0.070    5.950  0.102467235E+04
  0.080000   0.25  6.0049  0.3759  0.1767    4.631   -0.044    0.000    0.142    2.040   -0.051   -0.081    6.748  0.633268717E+03
  0.080000   0.30  7.2059  0.3803  0.1606    4.787   -0.049    0.000    0.207    2.606   -0.067   -0.093    7.508  0.423279711E+03
  0.080000   0.35  8.4069  0.3838  0.1487    4.921   -0.050    0.000    0.293    3.160   -0.086   -0.108    8.254  0.298819846E+03
  0.080000   0.40  9.6079  0.3868  0.1395    5.038   -0.048    0.000    0.406    3.717   -0.107   -0.124    9.013  0.219688631E+03
  0.080000   0.45  10.8089  0.3893  0.1322    5.143   -0.043    0.000    0.553    4.298   -0.130   -0.141    9.816  0.166688408E+03
  0.080000   0.50  12.0099  0.3915  0.1262    5.238   -0.036    0.000    0.745    4.908   -0.155   -0.159   10.681  0.129738893E+03
  0.080000   0.55  13.2109  0.3935  0.1212    5.324   -0.026    0.000    0.997    5.590   -0.182   -0.177   11.670  0.103149873E+03
  0.080000   0.60  14.4119  0.3952  0.1169    5.404   -0.011    0.000    1.333    6.362   -0.211   -0.196   12.831  0.835202771E+02
  0.080000   0.65  15.6129  0.3968  0.1133    5.477    0.010    0.000    1.787    7.288   -0.241   -0.213   14.263  0.687209472E+02
  0.080000   0.70  16.8138  0.3982  0.1101    5.545    0.043    0.000    2.426    8.447   -0.272   -0.227   16.120  0.573668768E+02
  0.080000   0.75  18.0148  0.3995  0.1072    5.609    0.095    0.000    3.357    9.945   -0.304   -0.238   18.627  0.485277100E+02
  0.080000   0.80  19.2158  0.4007  0.1047    5.669    0.184    0.000    4.825   12.156   -0.335   -0.244   22.421  0.415610492E+02
  0.080000   0.85  20.4168  0.4019  0.1025    5.726    0.352    0.000    7.377   15.551   -0.365   -0.242   28.568  0.360127024E+02
  0.080000   0.90  21.6178  0.4029  0.1005    5.780    0.728    0.000   12.782   21.665   -0.394   -0.228   40.504  0.315548505E+02
  0.080000   0.95  22.8188  0.4039  0.0986    5.831    1.964    0.000   30.807   36.275   -0.421   -0.197   74.434  0.279465358E+02
  0.100000   0.05  1.5012  0.3341  0.3308    3.563    0.039    0.000    0.211   -1.548   -0.008   -0.072    2.250  0.110278868E+05
  0.100000   0.10  3.0025  0.3549  0.2486    4.068    0.014    0.000    0.060   -0.652   -0.018   -0.079    3.479  0.278438167E+04
  0.100000   0.15  4.5037  0.3639  0.1961    4.391   -0.003    0.000    0.053    0.075   -0.031   -0.086    4.498  0.120615038E+04
  0.100000   0.20  6.0049  0.3692  0.1659    4.631   -0.020    0.000    0.074    0.718   -0.046   -0.094    5.373  0.654641401E+03
  0.100000   0.25  7.5062  0.3730  0.1466    4.822   -0.032    0.000    0.115    1.312   -0.063   -0.103    6.169  0.402544423E+03
  0.100000   0.30  9.0074  0.3758  0.1333    4.981   -0.039    0.000    0.170    1.876   -0.084   -0.113    6.918  0.268049042E+03
  0.100000   0.35  10.5086  0.3780  0.1235    5.118   -0.043    0.000    0.242    2.424   -0.107   -0.124    7.645  0.188681528E+03
  0.100000   0.40  12.0099  0.3799  0.1160    5.238   -0.044    0.000    0.338    2.970   -0.133   -0.136    8.373  0.138398670E+03
  0.100000   0.45  13.5111  0.3814  0.1099    5.345   -0.042    0.000    0.463    3.532   -0.162   -0.149    9.132  0.104820014E+03
  0.100000   0.50  15.0124  0.3828  0.1050    5.441   -0.039    0.000    0.625    4.125   -0.194   -0.162    9.948  0.814692936E+02
  0.100000   0.55  16.5136  0.3840  0.1010    5.529   -0.032    0.000    0.837    4.772   -0.228   -0.175   10.860  0.647024483E+02
  0.100000   0.60  18.0148  0.3850  0.0975    5.609   -0.021    0.000    1.120    5.505   -0.264   -0.187   11.923  0.523474830E+02
  0.100000   0.65  19.5161  0.3860  0.0945    5.684   -0.005    0.000    1.504    6.376   -0.302   -0.197   13.226  0.430480280E+02
  0.100000   0.70  21.0173  0.3868  0.0919    5.753    0.020    0.000    2.041    7.452   -0.340   -0.204   14.893  0.359237249E+02
  0.100000   0.75  22.5185  0.3876  0.0896    5.818    0.063    0.000    2.826    8.856   -0.380   -0.206   17.152  0.303843903E+02
  0.100000   0.80  24.0198  0.3883  0.0875    5.879    0.137    0.000    4.050   10.878   -0.419   -0.200   20.504  0.260232556E+02
  0.100000   0.85  25.5210  0.3890  0.0857    5.937    0.281    0.000    6.186   14.035   -0.456   -0.184   25.979  0.225532088E+02
  0.100000   0.90  27.0222  0.3896  0.0841    5.991    0.607    0.000   10.686   19.782   -0.492   -0.149   36.609  0.197673452E+02
  0.100000   0.95  28.5235  0.3902  0.0826    6.042    1.701    0.000   25.668   34.001   -0.526   -0.082   66.993  0.175138034E+02
  0.150000   0.05  2.2519  0.3465  0.2662    3.851    0.104    0.000    0.092   -3.099   -0.012   -0.137    0.874  0.508464555E+04
  0.150000   0.10  4.5037  0.3538  0.1742    4.391    0.070    0.000    0.026   -2.247   -0.027   -0.152    2.160  0.123406015E+04
  0.150000   0.15  6.7556  0.3558  0.1336    4.731    0.049    0.000    0.030   -1.510   -0.046   -0.160    3.209  0.524463941E+03
  0.150000   0.20  9.0074  0.3565  0.1121    4.981    0.025    0.000    0.048   -0.873   -0.068   -0.166    4.075  0.281231392E+03
  0.150000   0.25  11.2593  0.3569  0.0988    5.180    0.005    0.000    0.077   -0.274   -0.095   -0.170    4.860  0.171454113E+03
  0.150000   0.30  13.5111  0.3570  0.0896    5.345   -0.009    0.000    0.115    0.275   -0.126   -0.174    5.573  0.113434592E+03
  0.150000   0.35  15.7630  0.3571  0.0830    5.486   -0.019    0.000    0.167    0.807   -0.160   -0.178    6.257  0.794480841E+02
  0.150000   0.40  18.0148  0.3571  0.0779    5.609   -0.026    0.000    0.235    1.328   -0.200   -0.182    6.926  0.580454020E+02
  0.150000   0.45  20.2667  0.3571  0.0738    5.719   -0.031    0.000    0.323    1.861   -0.243   -0.186    7.612  0.438247536E+02
  0.150000   0.50  22.5185  0.3570  0.0705    5.818   -0.034    0.000    0.437    2.411   -0.290   -0.188    8.328  0.339781666E+02
  0.150000   0.55  24.7704  0.3570  0.0678    5.908   -0.034    0.000    0.587    2.995   -0.341   -0.190    9.105  0.269341438E+02
  0.150000   0.60  27.0222  0.3569  0.0655    5.991   -0.032    0.000    0.787    3.643   -0.395   -0.189    9.989  0.217604161E+02
  0.150000   0.65  29.2741  0.3568  0.0635    6.067   -0.026    0.000    1.057    4.399   -0.451   -0.185   11.051  0.178772257E+02
  0.150000   0.70  31.5259  0.3568  0.0617    6.138   -0.014    0.000    1.436    5.325   -0.509   -0.175   12.395  0.149096890E+02
  0.150000   0.75  33.7778  0.3567  0.0602    6.205    0.010    0.000    1.987    6.516   -0.568   -0.157   14.191  0.126073420E+02
  0.150000   0.80  36.0297  0.3567  0.0588    6.267    0.058    0.000    2.846    8.189   -0.627   -0.128   16.808  0.107980967E+02
  0.150000   0.85  38.2815  0.3566  0.0576    6.326    0.156    0.000    4.333   10.784   -0.683   -0.080   21.041  0.936083527E+01
  0.150000   0.90  40.5334  0.3565  0.0565    6.381    0.390    0.000    7.442   15.596   -0.737   -0.003   29.279  0.820850795E+01
  0.150000   0.95  42.7852  0.3565  0.0555    6.434    1.205    0.000   17.667   28.058   -0.787    0.141   52.931  0.727738122E+01
  0.200000   0.05  3.0025  0.3396  0.2117    4.068    0.168    0.000    0.049   -4.415   -0.016   -0.209   -0.270  0.280343099E+04
  0.200000   0.10  6.0049  0.3379  0.1296    4.631    0.134    0.000    0.015   -3.601   -0.036   -0.232    1.021  0.663085471E+03
  0.200000   0.15  9.0074  0.3353  0.0982    4.981    0.109    0.000    0.021   -2.881   -0.061   -0.242    2.055  0.278168293E+03
  0.200000   0.20  12.0099  0.3331  0.0820    5.238    0.075    0.000    0.035   -2.241   -0.091   -0.245    2.912  0.147912090E+03
  0.200000   0.25  15.0124  0.3313  0.0720    5.441    0.048    0.000    0.057   -1.657   -0.126   -0.246    3.668  0.896304863E+02
  0.200000   0.30  18.0148  0.3298  0.0652    5.609    0.027    0.000    0.086   -1.112   -0.167   -0.245    4.360  0.590261875E+02
  0.200000   0.35  21.0173  0.3285  0.0602    5.753    0.011    0.000    0.126   -0.594   -0.213   -0.243    5.009  0.411906576E+02
  0.200000   0.40  24.0198  0.3274  0.0564    5.879   -0.002    0.000    0.177   -0.086   -0.265   -0.240    5.641  0.300062211E+02
  0.200000   0.45  27.0222  0.3264  0.0534    5.991   -0.012    0.000    0.244    0.421   -0.323   -0.236    6.270  0.226013211E+02
  0.200000   0.50  30.0247  0.3255  0.0510    6.091   -0.019    0.000    0.331    0.944   -0.386   -0.230    6.924  0.174896911E+02
  0.200000   0.55  33.0272  0.3247  0.0490    6.183   -0.025    0.000    0.446    1.483   -0.453   -0.221    7.609  0.138426249E+02
  0.200000   0.60  36.0297  0.3240  0.0473    6.267   -0.030    0.000    0.598    2.075   -0.525   -0.209    8.379  0.111701092E+02
  0.200000   0.65  39.0321  0.3233  0.0458    6.344   -0.031    0.000    0.805    2.753   -0.600   -0.193    9.286  0.916830314E+01
  0.200000   0.70  42.0346  0.3227  0.0445    6.416   -0.028    0.000    1.093    3.561   -0.678   -0.169   10.410  0.764125300E+01
  0.200000   0.75  45.0371  0.3221  0.0434    6.484   -0.017    0.000    1.513    4.594   -0.756   -0.134   11.902  0.645835319E+01
  0.200000   0.80  48.0395  0.3216  0.0424    6.547    0.012    0.000    2.167    6.024   -0.833   -0.084   14.054  0.553006489E+01
  0.200000   0.85  51.0420  0.3211  0.0415    6.606    0.079    0.000    3.293    8.221   -0.909   -0.011   17.506  0.479349767E+01
  0.200000   0.90  54.0445  0.3206  0.0407    6.662    0.250    0.000    5.642   12.251   -0.980    0.105   24.159  0.420353604E+01
  0.200000   0.95  57.0470  0.3201  0.0399    6.715    0.870    0.000   13.255   22.879   -1.047    0.315   43.221  0.372720719E+01
  0.300000   0.05  4.5037  0.2890  0.1421    4.391    0.300    0.000    0.021   -6.576   -0.023   -0.365   -2.153  0.106016062E+04
  0.300000   0.10  9.0074  0.2769  0.0833    4.981    0.274    0.000    0.007   -5.849   -0.053   -0.403   -0.914  0.241595869E+03
  0.300000   0.15  13.5111  0.2695  0.0625    5.345    0.234    0.000    0.012   -5.167   -0.090   -0.415    0.066  0.993964749E+02
  0.300000   0.20  18.0148  0.2642  0.0519    5.609    0.183    0.000    0.023   -4.550   -0.135   -0.417    0.875  0.521766524E+02
  0.300000   0.25  22.5185  0.2602  0.0454    5.818    0.141    0.000    0.037   -3.986   -0.187   -0.413    1.585  0.313205633E+02
  0.300000   0.30  27.0222  0.2570  0.0409    5.991    0.108    0.000    0.057   -3.458   -0.248   -0.402    2.233  0.204756021E+02
  0.300000   0.35  31.5259  0.2544  0.0377    6.138    0.082    0.000    0.084   -2.958   -0.317   -0.390    2.834  0.142047271E+02
  0.300000   0.40  36.0297  0.2522  0.0353    6.267    0.061    0.000    0.118   -2.472   -0.395   -0.375    3.408  0.102977816E+02
  0.300000   0.45  40.5334  0.2502  0.0333    6.381    0.043    0.000    0.164   -1.988   -0.480   -0.357    3.973  0.772530277E+01
  0.300000   0.50  45.0371  0.2485  0.0317    6.484    0.028    0.000    0.223   -1.510   -0.574   -0.335    4.532  0.595791836E+01
  0.300000   0.55  49.5408  0.2470  0.0304    6.577    0.014    0.000    0.301   -1.011   -0.675   -0.309    5.120  0.470212501E+01
  0.300000   0.60  54.0445  0.2456  0.0293    6.662    0.001    0.000    0.405   -0.481   -0.781   -0.278    5.758  0.378523736E+01
  0.300000   0.65  58.5482  0.2444  0.0284    6.741   -0.010    0.000    0.546    0.105   -0.893   -0.239    6.484  0.310065574E+01
  0.300000   0.70  63.0519  0.2432  0.0275    6.814   -0.020    0.000    0.742    0.785   -1.008   -0.190    7.364  0.257990878E+01
  0.300000   0.75  67.5556  0.2422  0.0268    6.905   -0.026    0.000    1.028    1.624   -1.125   -0.125    8.529  0.217752766E+01
  0.300000   0.80  72.0593  0.2412  0.0262    6.972   -0.022    0.000    1.473    2.737   -1.240   -0.039   10.132  0.186244619E+01
  0.300000   0.85  76.5630  0.2403  0.0256    7.035    0.004    0.000    2.238    4.387   -1.353    0.082   12.650  0.161291268E+01
  0.300000   0.90  81.0667  0.2395  0.0251    7.094    0.095    0.000    3.823    7.394   -1.459    0.264   17.472  0.141336890E+01
  0.300000   0.95  85.5704  0.2387  0.0246    7.151    0.471    0.000    8.892   15.202   -1.558    0.592   31.015  0.125247528E+01
  0.400000   0.05  6.0049  0.2146  0.1056    4.631    0.436    0.000    0.013   -8.334   -0.030   -0.532   -3.706  0.442838598E+03
  0.400000   0.10  12.0099  0.1984  0.0614    5.238    0.418    0.000    0.005   -7.713   -0.070   -0.583   -2.564  0.973803399E+02
  0.400000   0.15  18.0148  0.1896  0.0460    5.609    0.364    0.000    0.009   -7.078   -0.118   -0.598   -1.650  0.393528403E+02
  0.400000   0.20  24.0198  0.1837  0.0381    5.879    0.298    0.000    0.016   -6.491   -0.177   -0.597   -0.893  0.204177158E+02
  0.400000   0.25  30.0247  0.1794  0.0332    6.091    0.244    0.000    0.027   -5.947   -0.246   -0.587   -0.225  0.121521209E+02
  0.400000   0.30  36.0297  0.1760  0.0299    6.267    0.201    0.000    0.042   -5.436   -0.326   -0.571    0.380  0.789172873E+01
  0.400000   0.35  42.0346  0.1732  0.0276    6.416    0.166    0.000    0.062   -4.951   -0.417   -0.549    0.940  0.544540087E+01
  0.400000   0.40  48.0395  0.1709  0.0257    6.547    0.137    0.000    0.089   -4.479   -0.519   -0.524    1.472  0.393002611E+01
  0.400000   0.45  54.0445  0.1689  0.0243    6.662    0.113    0.000    0.123   -4.018   -0.632   -0.493    1.985  0.293710191E+01
  0.400000   0.50  60.0494  0.1671  0.0231    6.766    0.092    0.000    0.168   -3.553   -0.756   -0.458    2.497  0.225778701E+01
  0.400000   0.55  66.0544  0.1656  0.0222    6.882    0.073    0.000    0.228   -3.078   -0.888   -0.416    3.045  0.177687232E+01
  0.400000   0.60  72.0593  0.1642  0.0213    6.972    0.054    0.000    0.307   -2.581   -1.029   -0.366    3.608  0.142687231E+01
  0.400000   0.65  78.0643  0.1629  0.0206    7.055    0.035    0.000    0.414   -2.041   -1.177   -0.307    4.239  0.116629171E+01
  0.400000   0.70  84.0692  0.1618  0.0200    7.132    0.017    0.000    0.565   -1.431   -1.329   -0.234    4.984  0.968571978E+00
  0.400000   0.75  90.0741  0.1607  0.0195    7.205   -0.001    0.000    0.783   -0.703   -1.482   -0.141    5.929  0.816133884E+00
  0.400000   0.80  96.0791  0.1597  0.0190    7.272   -0.015    0.000    1.123    0.227   -1.635   -0.021    7.227  0.697002397E+00
  0.400000   0.85  102.0840  0.1588  0.0186    7.336   -0.016    0.000    1.708    1.568   -1.783    0.145    9.237  0.602816056E+00
  0.400000   0.90  108.0890  0.1580  0.0182    7.396    0.024    0.000    2.917    3.882   -1.923    0.390   12.969  0.527609562E+00
  0.400000   0.95  114.0939  0.1572  0.0179    7.452    0.251    0.000    6.755    9.789   -2.054    0.827   23.310  0.467045575E+00
  0.500000   0.05  7.5062  0.1406  0.0852    4.822    0.584    0.000    0.011   -9.884   -0.037   -0.710   -5.095  0.185650755E+03
  0.500000   0.10  15.0124  0.1240  0.0494    5.441    0.565    0.000    0.004   -9.368   -0.085   -0.775   -4.067  0.389580786E+02
  0.500000   0.15  22.5185  0.1160  0.0369    5.818    0.504    0.000    0.007   -8.780   -0.145   -0.793   -3.215  0.154149712E+02
  0.500000   0.20  30.0247  0.1110  0.0306    6.091    0.426    0.000    0.012   -8.225   -0.217   -0.790   -2.510  0.789398186E+01
  0.500000   0.25  37.5309  0.1073  0.0267    6.306    0.361    0.000    0.021   -7.703   -0.302   -0.775   -1.886  0.465491782E+01
  0.500000   0.30  45.0371  0.1045  0.0241    6.484    0.308    0.000    0.032   -7.212   -0.400   -0.751   -1.322  0.300158872E+01
  0.500000   0.35  52.5432  0.1023  0.0221    6.634    0.265    0.000    0.048   -6.740   -0.512   -0.721   -0.798  0.205939548E+01
  0.500000   0.40  60.0494  0.1004  0.0207    6.766    0.229    0.000    0.068   -6.284   -0.638   -0.684   -0.306  0.147932095E+01
  0.500000   0.45  67.5556  0.0988  0.0195    6.905    0.199    0.000    0.095   -5.835   -0.777   -0.642    0.192  0.110117622E+01
  0.500000   0.50  75.0618  0.0975  0.0186    7.014    0.172    0.000    0.130   -5.385   -0.929   -0.592    0.666  0.843591810E+00
  0.500000   0.55  82.5680  0.0962  0.0178    7.114    0.147    0.000    0.177   -4.929   -1.092   -0.534    1.145  0.661923651E+00
  0.500000   0.60  90.0741  0.0952  0.0172    7.205    0.122    0.000    0.239   -4.446   -1.266   -0.467    1.656  0.530144159E+00
  0.500000   0.65  97.5803  0.0942  0.0166    7.288    0.097    0.000    0.323   -3.936   -1.448   -0.386    2.214  0.432316201E+00
  0.500000   0.70  105.0865  0.0933  0.0161    7.366    0.071    0.000    0.441   -3.373   -1.635   -0.289    2.862  0.358277379E+00
  0.500000   0.75  112.5927  0.0925  0.0157    7.439    0.043    0.000    0.612   -2.719   -1.824   -0.168    3.671  0.301323800E+00
  0.500000   0.80  120.0989  0.0917  0.0153    7.506    0.016    0.000    0.879   -1.905   -2.012   -0.012    4.766  0.256902772E+00
  0.500000   0.85  127.6050  0.0911  0.0150    7.570   -0.005    0.000    1.338   -0.794   -2.194    0.198    6.412  0.221844394E+00
  0.500000   0.90  135.1112  0.0904  0.0147    7.631   -0.002    0.000    2.288    1.001   -2.368    0.507    9.360  0.193893078E+00
  0.500000   0.95  142.6174  0.0898  0.0144    7.688    0.120    0.000    5.297    5.578   -2.528    1.054   17.516  0.171412787E+00
  0.600000   0.05  9.0074  0.0802  0.0732    4.981    0.758    0.000    0.012  -11.377   -0.043   -0.908   -6.449  0.735865564E+02
  0.600000   0.10  18.0148  0.0663  0.0421    5.609    0.718    0.000    0.003  -10.944   -0.099   -0.987   -5.538  0.144667364E+02
  0.600000   0.15  27.0222  0.0604  0.0315    5.991    0.664    0.000    0.005  -10.404   -0.169   -1.009   -4.737  0.556974239E+01
  0.600000   0.20  36.0297  0.0568  0.0261    6.267    0.578    0.000    0.009   -9.865   -0.254   -1.002   -4.064  0.280651599E+01
  0.600000   0.25  45.0371  0.0543  0.0228    6.484    0.501    0.000    0.015   -9.381   -0.353   -0.981   -3.498  0.163667673E+01
  0.600000   0.30  54.0445  0.0525  0.0205    6.662    0.438    0.000    0.024   -8.907   -0.469   -0.950   -2.972  0.104665197E+01
  0.600000   0.35  63.0519  0.0510  0.0189    6.814    0.386    0.000    0.036   -8.449   -0.601   -0.910   -2.484  0.713436674E+00
  0.600000   0.40  72.0593  0.0498  0.0177    6.972    0.341    0.000    0.051   -8.002   -0.749   -0.862   -1.997  0.509755077E+00
  0.600000   0.45  81.0667  0.0488  0.0167    7.094    0.303    0.000    0.071   -7.559   -0.913   -0.806   -1.548  0.377757229E+00
  0.600000   0.50  90.0741  0.0479  0.0159    7.205    0.270    0.000    0.098   -7.131   -1.092   -0.741   -1.123  0.288287417E+00
  0.600000   0.55  99.0816  0.0472  0.0152    7.304    0.238    0.000    0.133   -6.686   -1.284   -0.667   -0.684  0.225453357E+00
  0.600000   0.60  108.0890  0.0465  0.0147    7.396    0.207    0.000    0.180   -6.229   -1.489   -0.579   -0.231  0.180041400E+00
  0.600000   0.65  117.0964  0.0459  0.0142    7.480    0.175    0.000    0.243   -5.743   -1.703   -0.477    0.266  0.146437217E+00
  0.600000   0.70  126.1038  0.0453  0.0138    7.558    0.141    0.000    0.333   -5.214   -1.924   -0.047    1.143  0.121076141E+00
  0.600000   0.75  135.1112  0.0448  0.0134    7.631    0.104    0.000    0.463   -4.599   -2.147   -0.201    1.553  0.101615653E+00
  0.600000   0.80  144.1186  0.0444  0.0131    7.699    0.064    0.000    0.666   -3.869   -2.369   -0.007    2.492  0.864704309E-01
  0.600000   0.85  153.1260  0.0440  0.0128    7.763    0.026    0.000    1.015   -2.909   -2.584    0.253    3.876  0.745401452E-01
  0.600000   0.90  162.1335  0.0436  0.0126    7.823   -0.002    0.000    1.737   -1.381   -2.788    0.632    6.339  0.650441105E-01
  0.600000   0.95  171.1409  0.0432  0.0123    7.881    0.041    0.000    4.026    2.018   -2.977    1.297   12.608  0.574175898E-01
  0.700000   0.05  10.5086  0.0379  0.0662    5.118    0.983    0.000    0.018  -12.946   -0.049   -1.142   -7.883  0.255706014E+02
  0.700000   0.10  21.0173  0.0288  0.0376    5.753    0.887    0.000    0.003  -12.567   -0.112   -1.237   -7.103  0.462044045E+01
  0.700000   0.15  31.5259  0.0253  0.0280    6.138    0.860    0.000    0.004  -12.085   -0.192   -1.260   -6.341  0.171753183E+01
  0.700000   0.20  42.0346  0.0234  0.0232    6.416    0.771    0.000    0.006  -11.574   -0.288   -1.252   -5.708  0.848059111E+00
  0.700000   0.25  52.5432  0.0220  0.0203    6.634    0.685    0.000    0.011  -11.099   -0.402   -1.225   -5.169  0.487861431E+00
  0.700000   0.30  63.0519  0.0211  0.0183    6.814    0.610    0.000    0.016  -10.643   -0.534   -1.185   -4.681  0.308879387E+00
  0.700000   0.35  73.5605  0.0203  0.0168    6.993    0.547    0.000    0.024  -10.196   -0.685   -1.134   -4.197  0.208914257E+00
  0.700000   0.40  84.0692  0.0197  0.0157    7.132    0.492    0.000    0.035   -9.769   -0.854   -1.073   -3.773  0.148337441E+00
  0.700000   0.45  94.5778  0.0192  0.0149    7.256    0.444    0.000    0.049   -9.343   -1.041   -1.002   -3.365  0.109355296E+00
  0.700000   0.50  105.0865  0.0188  0.0142    7.366    0.400    0.000    0.067   -8.917   -1.246   -0.920   -2.968  0.830868619E-01
  0.700000   0.55  115.5951  0.0184  0.0136    7.466    0.359    0.000    0.091   -8.481   -1.467   -0.825   -2.567  0.647299431E-01
  0.700000   0.60  126.1038  0.0181  0.0131    7.558    0.319    0.000    0.124   -8.038   -1.702   -0.715   -2.158  0.515192469E-01
  0.700000   0.65  136.6124  0.0178  0.0127    7.642    0.277    0.000    0.168   -7.571   -1.947   -0.586   -1.713  0.417795604E-01
  0.700000   0.70  147.1211  0.0175  0.0123    7.721    0.234    0.000    0.229   -7.076   -2.200   -0.431   -1.213  0.344526790E-01
  0.700000   0.75  157.6297  0.0173  0.0120    7.794    0.186    0.000    0.319   -6.527   -2.455   -0.242   -0.610  0.288463508E-01
  0.700000   0.80  168.1384  0.0171  0.0117    7.862    0.134    0.000    0.460   -5.881   -2.709   -0.003    0.184  0.244939884E-01
  0.700000   0.85  178.6470  0.0169  0.0114    7.926    0.079    0.000    0.702   -5.067   -2.956    0.314    1.326  0.210729345E-01
  0.700000   0.90  189.1557  0.0167  0.0112    7.987    0.024    0.000    1.202   -3.741   -3.190    0.775    3.390  0.183550286E-01
  0.700000   0.95  199.6643  0.0165  0.0110    8.044    0.003    0.000    2.793   -1.069   -3.406    1.578    8.281  0.161757295E-01
  0.800000   0.05  12.0099  0.0131  0.0629    5.238    1.311    0.000    0.047  -14.767   -0.054   -1.458   -9.543  0.676290148E+01
  0.800000   0.10  24.0198  0.0090  0.0347    5.879    1.125    0.000    0.005  -14.421   -0.125   -1.574   -8.932  0.110835524E+01
  0.800000   0.15  36.0297  0.0076  0.0258    6.267    1.094    0.000    0.003  -13.964   -0.214   -1.601   -8.213  0.394892053E+00
  0.800000   0.20  48.0395  0.0068  0.0213    6.547    1.038    0.000    0.004  -13.504   -0.322   -1.589   -7.606  0.190239436E+00
  0.800000   0.25  60.0494  0.0064  0.0186    6.766    0.951    0.000    0.006  -13.055   -0.450   -1.555   -7.099  0.107648972E+00
  0.800000   0.30  72.0593  0.0060  0.0167    6.972    0.866    0.000    0.009  -12.620   -0.598   -1.504   -6.622  0.673421839E-01
  0.800000   0.35  84.0692  0.0057  0.0154    7.132    0.789    0.000    0.014  -12.197   -0.767   -1.438   -6.203  0.451284320E-01
  0.800000   0.40  96.0791  0.0055  0.0144    7.272    0.720    0.000    0.020  -11.772   -0.957   -1.360   -5.804  0.318064775E-01
  0.800000   0.45  108.0890  0.0053  0.0136    7.396    0.658    0.000    0.027  -11.369   -1.168   -1.269   -5.442  0.233050743E-01
  0.800000   0.50  120.0989  0.0052  0.0130    7.506    0.600    0.000    0.038  -10.961   -1.399   -1.165   -5.088  0.176158544E-01
  0.800000   0.55  132.1087  0.0051  0.0125    7.607    0.544    0.000    0.051  -10.534   -1.647   -1.044   -4.723  0.136632292E-01
  0.800000   0.60  144.1186  0.0050  0.0120    7.699    0.489    0.000    0.069  -10.101   -1.911   -0.904   -4.351  0.108328303E-01
  0.800000   0.65  156.1285  0.0049  0.0116    7.783    0.433    0.000    0.093   -9.648   -2.187   -0.741   -3.950  0.875505394E-02
  0.800000   0.70  168.1384  0.0048  0.0113    7.862    0.375    0.000    0.128   -9.161   -2.472   -0.546   -3.493  0.719783877E-02
  0.800000   0.75  180.1483  0.0047  0.0110    7.935    0.312    0.000    0.178   -8.628   -2.759   -0.309   -2.944  0.601018630E-02
  0.800000   0.80  192.1582  0.0046  0.0107    8.003    0.243    0.000    0.256   -8.017   -3.045   -0.012   -2.237  0.509080623E-02
  0.800000   0.85  204.1681  0.0046  0.0105    8.068    0.169    0.000    0.391   -7.248   -3.323    0.382   -1.221  0.436995419E-02
  0.800000   0.90  216.1779  0.0045  0.0103    8.129    0.089    0.000    0.671   -6.195   -3.586    0.948    0.401  0.379850380E-02
  0.800000   0.95  228.1878  0.0045  0.0101    8.186    0.015    0.000    1.562   -4.228   -3.829    1.930    3.985  0.334115278E-02
  0.900000   0.05  13.5111  0.0022  0.0639    5.345    1.909    0.000    0.352  -17.611   -0.060   -1.871  -11.789  0.888127327E+00
  0.900000   0.10  27.0222  0.0014  0.0331    5.991    1.681    0.000    0.032  -17.079   -0.139   -1.988  -11.316  0.136173006E+00
  0.900000   0.15  40.5334  0.0011  0.0243    6.381    1.508    0.000    0.008  -16.685   -0.238   -2.005  -10.820  0.462602133E-01
  0.900000   0.20  54.0445  0.0010  0.0200    6.662    1.418    0.000    0.004  -16.251   -0.357   -1.979  -10.274  0.216624809E-01
  0.900000   0.25  67.5556  0.0009  0.0174    6.905    1.380    0.000    0.003  -15.873   -0.499   -1.928   -9.765  0.120251822E-01
  0.900000   0.30  81.0667  0.0008  0.0157    7.094    1.325    0.000    0.004  -15.476   -0.665   -1.857   -9.313  0.741802942E-02
  0.900000   0.35  94.5778  0.0008  0.0144    7.256    1.251    0.000    0.005  -15.086   -0.853   -1.770   -8.924  0.491780046E-02
  0.900000   0.40  108.0890  0.0008  0.0135    7.396    1.171    0.000    0.007  -14.697   -1.065   -1.669   -8.574  0.343632033E-02
  0.900000   0.45  121.6001  0.0007  0.0128    7.520    1.090    0.000    0.009  -14.308   -1.300   -1.552   -8.248  0.250005358E-02
  0.900000   0.50  135.1112  0.0007  0.0122    7.631    1.010    0.000    0.012  -13.911   -1.557   -1.419   -7.931  0.187850399E-02
  0.900000   0.55  148.6223  0.0007  0.0117    7.731    0.932    0.000    0.016  -13.516   -1.834   -1.268   -7.626  0.144958454E-02
  0.900000   0.60  162.1335  0.0007  0.0113    7.823    0.854    0.000    0.022  -13.104   -2.128   -1.094   -7.309  0.114420785E-02
  0.900000   0.65  175.6446  0.0006  0.0109    7.908    0.773    0.000    0.029  -12.667   -2.435   -0.893   -6.960  0.921143107E-03
  0.900000   0.70  189.1557  0.0006  0.0106    7.987    0.690    0.000    0.039  -12.205   -2.752   -0.656   -6.566  0.754683474E-03
  0.900000   0.75  202.6668  0.0006  0.0103    8.060    0.600    0.000    0.054  -11.695   -3.073   -0.372   -6.087  0.628204858E-03
  0.900000   0.80  216.1779  0.0006  0.0101    8.129    0.504    0.000    0.078  -11.122   -3.392   -0.021   -5.480  0.530616965E-03
  0.900000   0.85  229.6891  0.0006  0.0099    8.193    0.397    0.000    0.118  -10.435   -3.701    0.434   -4.644  0.454321146E-03
  0.900000   0.90  243.2002  0.0006  0.0097    8.254    0.278    0.000    0.202   -9.534   -3.995    1.069   -3.371  0.393988996E-03
  0.900000   0.95  256.7113  0.0006  0.0095    8.312    0.142    0.000    0.469   -8.027   -4.266    2.116   -0.895  0.345807124E-03
